	Iozone: Performance Test of File I/O
	        Version $Revision: 3.420 $
		Compiled for 64 bit mode.
		Build: linux-AMD64 

	Contributors:William Norcott, Don Capps, Isom Crawford, Kirby Collins
	             Al Slater, Scott Rhine, Mike Wisner, Ken Goss
	             Steve Landherr, Brad Smith, Mark Kelly, Dr. Alain CYR,
	             Randy Dunlap, Mark Montague, Dan Million, Gavin Brebner,
	             Jean-Marc Zucconi, Jeff Blomberg, Benny Halevy, Dave Boone,
	             Erik Habbinga, Kris Strecker, Walter Wong, Joshua Root,
	             Fabrice Bacchella, Zhenghua Xue, Qin Li, Darren Sawyer,
	             Vangel Bojaxhi, Ben England, Vikentsi Lapa.

	Run began: Fri Nov 17 01:10:23 2017

	Auto Mode
	Command line used: iozone -a
	Output is in Kbytes/sec
	Time Resolution = 0.000001 seconds.
	Processor cache size set to 1024 Kbytes.
	Processor cache line size set to 32 bytes.
	File stride size set to 17 * record size.
                                                            random  random    bkwd   record   stride                                   
              KB  reclen   write rewrite    read    reread    read   write    read  rewrite     read   fwrite frewrite   fread  freread
              64       4  852702 1421755  3958892  3541098 3363612 2006158  942521  1679761  2467108   639427   608965 1083249  3203069
              64       8  508587 1648808  5389653  5283570 3541098 1892980 1452528  2203800  2662899  1734015  1780008 1066042   983980
              64      16  913649 1518251  5860307  7100397 5389653 1947927 2278628  2133730  3541098  1828508  2067979 2298136  4274062
              64      32 1013707  901377  4564786  1255511 5389653 1734015 2358717  2006158  1526887  1991276  2444640 2298136  3363612
              64      64  926260 2006158 12902017  3738358 3406295 1690338 2467108  1879725  2561267  1690338  1828508 2689580  4988978
             128       4 1196221 1802755  2238774  3657016 3124872 1778862 2920861  2132084  2286447  1622919   889145 3359523  3759450
             128       8 1032829  673778  5603747  5122535 4557257  871818 2558895  2453642  4759253  1852520  2367096 3445772  4759253
             128      16  831319 1206978  5847904  6406138 5784891 2248149 1521718   883293  5122535  2035099  1076312 3895854  5122535
             128      32 1278855 1885042  6406138  7476717 6406138 2286447 3359523  3199360  3982553   934004  2098744 3560017  5603747
             128      64 1291158 1196221  2727923  7476717 5847904 2511022 1684006  2673584  1939522  1254941  1521718 1802755  3445772
             128     128  656477 1710838  9287508  3895854 3560017 1294270 3359523  2098744  3560017  2166499  1778862 3657016  5325799
             256       4 1319408 2754556  4422226  4652146 4572895 2392442 3159869  1447470  3410808  1802167  2187712 1802167  4496299
             256       8 1163562  780445  2305128  5971678 5117791 2582316 1778290  3879045  4070199  1098113  2639446 4819184  5687020
             256      16 1185399 2672291  2533571  2943325 2557711 2187712 3654598  1552085  6073004  2371308  2131261  897923  5687020
             256      32 1504249 2699161  6213578  3605511 6249745 2903529 4929815  3285566  7314033  1552085  2533571 4819184  5938650
             256      64  563997 2726577  7518900  6398720 6213578 3009318 2486631  3605511  4929815  3087188  2903529 2131261  2842047
             256     128 1463250 2613746  8024634  6891544 6249745 2872459 4132864  3159869  5455847  2665657  3245838 4496299  5810112
             256     256 1662639 2509882  3605511  9192546 6398720 2880164 4132864  2783115  4734192  2783115  2557711 4929815  5938650
             512       4 1441452 2381315  2695115  3849877 3346002 1585086 3934520  1560891  3431550  1938502  2381315 4305250  4973263
             512       8 1417662 1778004  5744919  4973263 5566231 2826358 3905895  3279573  4650188  2665014  2244430 4532414  5886650
             512      16 1528669 2830083  6652558  5566231 5331314 2695115 2782414  4091959  4916336  1414860  1387437 4532414  3934520
             512      32 1625889 1062161  6571132  7022379 6035551 2926501 2160868  3815675  7410080  2381315  2796910 5453155  3941742
             512      64  768934 2926501  6491676  7091952 6909408 3140488 3634839  2235086  8265729  3046915  3012719 5398323  6757222
             512     128 1570020 2845081  6571132  7410080 6652558 3158966 5509113  3768799  7115451  3325278  3259661 3099691  3849877
             512     256 1524329 1753325  7647578  6319739 5886650 2860238 5227492  3372274  5951911  3081897  4068701 3504346  6018636
             512     512 1605228 2815243  4068701  8992598 6571132 3177664 5177083  2991733  5684095  1689859  3046915 4838792  6174377
            1024       4 1383774 2666347  5219904  4741598 3735385 2343383 3401130  2156318  4228138  2052253   976172 4826859  4995276
            1024       8 1614767 2877110  5950309  4700088 4762630 2579861 4783849  4451639  5120336  2892612  2710090 5417427  5690162
            1024      16 1668074 2993413  2746483  5789881 5417427 2892612 5245404  2035716  2541692  2827858  2918161 4876180  5991815
            1024      32 1657133 3057339  3294177  6733974 6317933 3492395 5623115  4300102  6128613  1482144  1899750 6441107  5821271
            1024      64  628580 3012308  6599461  6787181 5751117 3037876 5529011  3506651  3722435  3046495  2497356 5758828  6744549
            1024     128 1687075 2827858  6918376  5536137 6519323 2869422 5065980  2056183  8750850  1896395  1670669 3200886  6519323
            1024     256 1620249 2995501  6830356  7160597 5991815 2934110 2387677  1437980  3029305  1247157  3239514 2666347  6208343
            1024     512 1338494 2414523  6874084  5917516 6402699 2612819 5507740  3603747  6874084  3130886  4249053 5751117  6317933
            1024    1024 1378445 2837198  8750850  3684119 5789881 2710090 5303701  3037876  3808251  3151562  3103735 6059442  6244448
            2048       4 1433135 2241160  4656281  2625441 2301200  939426 3977179  2303669  2038038  1959469  2509617 4451191  5044577
            2048       8 1640927 2340705  5986827  5306340 5900467 2989045 5277002  3459769  5184636  3038742  1501262 4707314  5953632
            2048      16 1658350  855843  3953383  6321679 6110328 3245396 5582208  3899542  4886737  2929912  2951050 6132138  6401772
            2048      32 1684034 1641240  4112366  5319484 6802261 3261415 6110328  3483621  6378005  3047366  2406949 5549749  6608629
            2048      64 1396100 2434922  6149699  5868220 6007763 3065856 5596757  1269797  6523312   964748  3024831 6563185  2998435
            2048     128 1389326 3210223  6132138  6523312 7444871 4071433 2760434  3764533  9621281  3136379  2916978 5376082  3567536
            2048     256 1652925 2389540  5785224  6717153 3955204 1941313 6092991  3465352  4909079  2612664  3079044 5461535  3297725
            2048     512  820213 1892971  6202989  6962145 6420913 3145567 5564129  3931669  7582884  2528082  2741930 2373037  6359119
            2048    1024 1649117 2897301  2801852  6732948 5836323 3136379 4591569  3250308  2670330  1177702  3530875 6149699  5251194
            2048    2048 1709505 2128958  5376082  4762117 5159722 2786401 5018054  3210223  5006356  1093450  1146730 5144271  5172149
            4096       4 1617110 2019781  5089116  5157871 4505833 2654571 4179197  3806915  4157956  1715961  1040396 4623457  5063617
            4096       8 1738535 2850103  5859825  5961494 5438722 2933818 2799480  4698053  5257310  2335234  3000428 5792648  5891980
            4096      16 1818782 2840678  6178018  5902100 6225028 3049966 5244471  4505833  5810280  2856263  1727521 6178018  6207035
            4096      32 1742237 3086126  2775061  2302374 5535098 2700046 5736555  3824713  6198078  2950952  2900630 5411313  4380601
            4096      64 1410057 2938334  2820623  5944991 5859825 3349682 6234064  4757904  6410863  3059199  3126565 6439700  6669706
            4096     128  820832 3058654  2588965  2799480 5777065 3402085 6060333  4586428  6207035  1642936  1399832 5589120  3189841
            4096     256 1809206 3002525  6370451  6408472 2522443 1270530 3823862  3751222  3548968  1940393  2854365 6178018  6243125
            4096     512 1826906 2563086  6140479  5179642 4941279 2339368 6058196  4171080  7939654  2925823  1320430 6207035  6049663
            4096    1024 1200063 1088242  6410863  6361016 6066754 3107900 5506711  3996428  7925004  2529871  1096087 5885924  6120790
            4096    2048 1540960 1646242  2374285  2266531 4067390 2315406 4428023  2836457  5013377  1942148  1526040 4633432  4830139
            4096    4096  721121 2555081  3175103  4112175 3376675 2644356 4325455  2663212  4257917  1620772  2716268 3274348  2512850
            8192       4  563608 1304430  4067297  5062726 4380493 2619719 4651501  3695070  4063449  2780632  2706385 2486087  5098030
            8192       8  628369 2292818  5924291  4332439 4788276 2900827 4926264  4151830  5218033  3001950  3094968 5814021  5772993
            8192      16 1867295 2821736  2220653  6242905 5958192 3157830 5773964  4630813  5161595  2895693  1685969 5210911  4759753
            8192      32  894999 3145975  6339662  6507765 6163396 3338228 5936574  3725519  6345516  3076126  2152352 6177802  5611763
            8192      64 1506688 1296603  6410631  5034537 6360787 3287130 3585187  4943985  6325656  2235098  1829805 6384425  5494212
            8192     128 1486224 2013721  6410631  3382261 5588034 3339851 6182248  4955393  6196743  2946853  2529090 6380868  6287458
            8192     256 1876780 1405892  2674574  6292063 6224809 3250744 5966469  4249389  6018726  2827774  2900827 6037763  6077276
            8192     512 1097271 2395273  3113478  6158977 6205696 3385260 4196452  4433053  8605412  2714295  2713438 6122759  3521978
            8192    1024 1095766 1482697  6141364  6286308 5884720 3185053 3032953  3386595  3249514  2277469  2704467 6024002  6054786
            8192    2048  664343 2632364  4838850  4815791 4490996 2876301 3917958  2801719  4306915  2630751  1898977 4688953  4617744
            8192    4096 1668126 1262863  4476368  2682509 3284616 2369668 4047652  1995129  4366576  2636606  3116019 3797996  2934020
            8192    8192 1670478 2608780  2995407  4493345 4442223 2377868 3959496  2511345  4421075  2798752  2618921 4141820  4445097
           16384       4 1532794 2784441  4565227  5053718 3297352 2625305 3635988  2542077  4235718  2768066  2033493 4808649  2687629
           16384       8  738952 1657456  5354150  5533055 5085131 2975667 3892615  5124569  3827145  1960288  3023985 4717539  5525936
           16384      16  808247 2316454  5958092  5514850 3170330 2157204 4857596  5338344  3929790  2867396  2986530 5964297  5962227
           16384      32 1809797 1383080  2237631  5799696 5945205 3181927 2237923  4854508  4186942  3063483  1196873 6215129  5624535
           16384      64 1942391 1677483  6299450  5885126 6099827 3377408 4961764  5304145  4425575  2626910  3144220 6173255  6316241
           16384     128 1830820 1378668  5895729  6296564 6127020 3338845 2581807  5267957  3732156  3033462  2278058 6045627  6136321
           16384     256 1284000 2041346  6260425  6142904 6063765 2779823 6028127  5002944  6246199  2991340  2912606 5675165  6215129
           16384     512 1886456 3159253  2475324  2375797 3924179 2681023 3007442  4910005  3617613  2766617  2677159 3488155  3051512
           16384    1024 1876104 1586805  3017876  6248471 3332854 2621499 4641387  4561287  4073760  2438866  1652951 5139132  5957575
           16384    2048  868714 2297249  4519589  4698830 4613963 2977343 4621721  3432574  4240161  2244721  2101268 4710748  3479325
           16384    4096 1665692 2185399  1976810  4236763 4302549 2744847 3829918  2848380  4356280  2513256  2277077 4289121  3123640
           16384    8192 1670795 2592033  2186860  4345811 4345811 2769851 4201020  2881947  2947334  2150386  2598993 4314976  4338951
           16384   16384 1489988 2721584  3139910  2970778 4351590 2871830 2205388  2781173  4527330  2840961  2934120 4367909  4230243
           32768      64 1784671 3278459  3657936  6732647 6558827 3091308 6420039  5017337  6261796  1696236  2836318 6391378  6465644
           32768     128 1798661 2959571  3528435  5526782 6564152 3441669 6613108  5589947  6569172  3089292  3034387 6262937  4416730
           32768     256 1690728 2878917  5287780  3960456 6507894 3469733 6231983  4567625  6510668  3004536  2966534 5202118  5912673
           32768     512 1804612 3015612  6370049  3133239 6173478 3367379 6458049  2771292  5132953  1995866  2512649 5497161  6404781
           32768    1024 1208702 1805110  5964247  6028075 6413747 3214735 2765715  4509772  5947985  1803712  2140866 6325778  6372707
           32768    2048 1768094 1632120  4590049  4838751 4430541 2460426 3451782  3575340  5900996  1237510  1830010 3704273  4742740
           32768    4096 1663108 1770577  4196121  3617594 4453944 2855351 4334272  3057337  4326359  1917722  2195376 3661250  3403739
           32768    8192 1691435 2659535  3483717  4469297 3600064 2849136 3346064  2671061  3793009  2498126  2276315 4200610  4317796
           32768   16384 1652689 1911800  3407284  4124347 4416162 2909634 4387823  2638500  4385443  1321556  3111040 3520392  4438267
           65536      64 1515215 2881839  5391686  6272485 6614350 3427413 6573383  5787901  3771609  3210822  2827385 6713376  6475210
           65536     128 1848890 3093945  6523463  6547080 5764959 3509506 3235730  4253640  6652127  2979195  2099301 6666323  6352943
           65536     256 1469685 3117773  6373270  5570892 5788267 3445111 3790593  5360458  5713196  2784848  1850982 5748803  5817668
           65536     512 1594744 2412250  6378890  5797667 6311370 3128062 6418211  5194725  6528731  2779526  2678526 6391200  6536649
           65536    1024 1843027 3118374  4157333  5445412 6396257 3237636 3196708  4838053  6235490  1889080  2268141 5205744  5460448
           65536    2048 1714474 2076810  4683811  4601252 4039719 2953015 4848721  3291446  4812810  2110730  2043720 3732127  3174116
           65536    4096 1169430 2121596  4298002  2615473 3923587 2728728 4237704  3148341  4548262  2032822  2038884 3872621  4299414
           65536    8192 1523850 1946192  3798975  3693215 4396582 2652396 3822696  2810905  3960388  1807137  2066738 3863694  3442566
           65536   16384 1627817 2668618  4050195  3884991 4217289 2675684 4283134  2766517  3881315  2379837  2523904 3752865  4139989
          131072      64 1077169 3309891  6698963  6297908 6478705 3308059 5981470  5718176  5282415  3091384  3018566 6664934  6288831
          131072     128 1651137 3082095  6145008  6079701 5969455 3196964 6092435  5600221  6513863  3036388  2639924 6190469  6249866
          131072     256 1624248 3054507  6020247  6081920 6101157 3335253 6143840  4863898  6116294  2931142  2999085 6385692  4145070
          131072     512 1811913 3099733  5401051  6102850 6053859 3453721 6053859  4889247  6420445  2595847  2099732 6473670  3678186
          131072    1024 1762739 2560543  5760356  4000994 5364790 3239062 5240770  4484478  5806841  2381268  2136112 6235264  6196679
          131072    2048 1719922 2765360  4413943  4268893 4048698 3017588 3959270  3424207  4145070  2072909  2246617 4147072  4371127
          131072    4096 1665231 2333024  4045064  4037103 4093070 2764636 4005745  2936591  3352930  1896953  1887095 3798865  3829828
          131072    8192 1626906 2189784  3093802  3962295 3957360 2683033 3970680  2788645  3911883  1955627  1709738 3918799  3903523
          131072   16384 1633175 2264272  3841845  3813886 3868147 2683701 3974756  2657522  3821017  2051367  2112432 3975475  3955567
          262144      64 1516649 3309431  6416915  6464566 6198733 3559087 6323436  5776238  6288248  3169819  3152705 6063367  6282356
          262144     128 1579361 3256405  6320964  4853160 6059056 3544310 6424001  5540753  4657944  3136892  3056781 6375392  6485156
          262144     256 1807218 3226817  5630240  6272571 6128560 3373233 6034183  5122995  6187745  3000287  2963357 6343611  6329989
          262144     512 1808601 2973776  6138483  6240353 5832061 3349138 6268852  5122613  5401258  2647461  2464384 6146994  6210322
          262144    1024 1641949 2871426  4083126  3621629 5404923 3220834 6210603  3850021  5717189  2491320  1830780 6208254  5121110
          262144    2048 1568909 2287647  3360131  4340632 3273809 2446399 4853695  1647152  4360635  1813355  1500435 4011691  4189464
          262144    4096 1640244 2510381  4238789  4011311 4020052 2718603 4218267  2949746  4066274  2016428  1992580 4145880  4050873
          262144    8192 1540301 2562356  3613239  3815565 3898579 2660337 3836601  2792156  3937447  1965214  1965878 3935671  3921717
          262144   16384 1355920 2525547  3865058  3902633 3851883 2682273 3716452  2779810  4022022  2066662  2056484 3870541  3875233
          524288      64  282872  292194  5250172  6435277 6173618  281039 6324506  5608196  6123795   278033   136658 6271459  5770536
          524288     128  147559  296404  5932406  6380919 6224258  221498 5925293  5756276  6225510   283281   166137 6284399  6260674
          524288     256   62957  287167  6177972  6213794 6147987  241997 6108876  5265887  6165552   285733   100342 6195796  5508729
          524288     512  111094  255316  6019925  6217466 6208916  238772 6200181  4949758  5967728   279796   123013 6135174  6194784
          524288    1024  157865  273085  5845359  6037676 5909068  248531 5672588  4791821  6012057   277178   123278 5995355  6045976
          524288    2048  128686  276745  5128213  4525579 3817418  217243 3255637  2051213  3666836   301626   133407 4429640  4631972
          524288    4096   74281  283214  4146442  3450764 3966050  242667 3620978  2974869  4190548   228751   277740 3777100  3651644
          524288    8192  217671  171852  3937396  3946667 3887096  248799 3909737  2784247  3924663   312648   135691 3951433  3877925
          524288   16384   72828  299568  3849737  3700198 3858661  289144 3949708  2725878  3937008   339513   356553 3926807  4043899

iozone test complete.
